{
 "cells": [
  {
   "cell_type": "markdown",
   "id": "db9d3b75-57cd-492a-a3ca-a72ed88da4be",
   "metadata": {},
   "source": [
    "# Model Training with Algerian Forest Fire"
   ]
  },
  {
   "cell_type": "code",
   "execution_count": 66,
   "id": "bf289a8c-ef8f-4a4f-aa49-bea7387ca1e1",
   "metadata": {},
   "outputs": [],
   "source": [
    "import pandas as pd\n",
    "import numpy as np\n",
    "import matplotlib.pyplot as plt\n",
    "import seaborn as sns\n",
    "%matplotlib inline"
   ]
  },
  {
   "cell_type": "code",
   "execution_count": 67,
   "id": "cba2a399-1fa4-4ec2-9883-9ffdd514bd44",
   "metadata": {},
   "outputs": [],
   "source": [
    "dataset = pd.read_csv('forest_fire_CLEANED.csv')"
   ]
  },
  {
   "cell_type": "code",
   "execution_count": 68,
   "id": "941f8c34-1540-442d-a402-930d91a32085",
   "metadata": {},
   "outputs": [
    {
     "data": {
      "text/html": [
       "<div>\n",
       "<style scoped>\n",
       "    .dataframe tbody tr th:only-of-type {\n",
       "        vertical-align: middle;\n",
       "    }\n",
       "\n",
       "    .dataframe tbody tr th {\n",
       "        vertical-align: top;\n",
       "    }\n",
       "\n",
       "    .dataframe thead th {\n",
       "        text-align: right;\n",
       "    }\n",
       "</style>\n",
       "<table border=\"1\" class=\"dataframe\">\n",
       "  <thead>\n",
       "    <tr style=\"text-align: right;\">\n",
       "      <th></th>\n",
       "      <th>day</th>\n",
       "      <th>month</th>\n",
       "      <th>year</th>\n",
       "      <th>Temperature</th>\n",
       "      <th>RH</th>\n",
       "      <th>Ws</th>\n",
       "      <th>Rain</th>\n",
       "      <th>FFMC</th>\n",
       "      <th>DMC</th>\n",
       "      <th>DC</th>\n",
       "      <th>ISI</th>\n",
       "      <th>BUI</th>\n",
       "      <th>FWI</th>\n",
       "      <th>Classes</th>\n",
       "      <th>Region</th>\n",
       "    </tr>\n",
       "  </thead>\n",
       "  <tbody>\n",
       "    <tr>\n",
       "      <th>0</th>\n",
       "      <td>1</td>\n",
       "      <td>6</td>\n",
       "      <td>2012</td>\n",
       "      <td>29</td>\n",
       "      <td>57</td>\n",
       "      <td>18</td>\n",
       "      <td>0.0</td>\n",
       "      <td>65.7</td>\n",
       "      <td>3.4</td>\n",
       "      <td>7.6</td>\n",
       "      <td>1.3</td>\n",
       "      <td>3.4</td>\n",
       "      <td>0.5</td>\n",
       "      <td>not fire</td>\n",
       "      <td>1</td>\n",
       "    </tr>\n",
       "    <tr>\n",
       "      <th>1</th>\n",
       "      <td>2</td>\n",
       "      <td>6</td>\n",
       "      <td>2012</td>\n",
       "      <td>29</td>\n",
       "      <td>61</td>\n",
       "      <td>13</td>\n",
       "      <td>1.3</td>\n",
       "      <td>64.4</td>\n",
       "      <td>4.1</td>\n",
       "      <td>7.6</td>\n",
       "      <td>1.0</td>\n",
       "      <td>3.9</td>\n",
       "      <td>0.4</td>\n",
       "      <td>not fire</td>\n",
       "      <td>1</td>\n",
       "    </tr>\n",
       "    <tr>\n",
       "      <th>2</th>\n",
       "      <td>3</td>\n",
       "      <td>6</td>\n",
       "      <td>2012</td>\n",
       "      <td>26</td>\n",
       "      <td>82</td>\n",
       "      <td>22</td>\n",
       "      <td>13.1</td>\n",
       "      <td>47.1</td>\n",
       "      <td>2.5</td>\n",
       "      <td>7.1</td>\n",
       "      <td>0.3</td>\n",
       "      <td>2.7</td>\n",
       "      <td>0.1</td>\n",
       "      <td>not fire</td>\n",
       "      <td>1</td>\n",
       "    </tr>\n",
       "    <tr>\n",
       "      <th>3</th>\n",
       "      <td>4</td>\n",
       "      <td>6</td>\n",
       "      <td>2012</td>\n",
       "      <td>25</td>\n",
       "      <td>89</td>\n",
       "      <td>13</td>\n",
       "      <td>2.5</td>\n",
       "      <td>28.6</td>\n",
       "      <td>1.3</td>\n",
       "      <td>6.9</td>\n",
       "      <td>0.0</td>\n",
       "      <td>1.7</td>\n",
       "      <td>0.0</td>\n",
       "      <td>not fire</td>\n",
       "      <td>1</td>\n",
       "    </tr>\n",
       "    <tr>\n",
       "      <th>4</th>\n",
       "      <td>5</td>\n",
       "      <td>6</td>\n",
       "      <td>2012</td>\n",
       "      <td>27</td>\n",
       "      <td>77</td>\n",
       "      <td>16</td>\n",
       "      <td>0.0</td>\n",
       "      <td>64.8</td>\n",
       "      <td>3.0</td>\n",
       "      <td>14.2</td>\n",
       "      <td>1.2</td>\n",
       "      <td>3.9</td>\n",
       "      <td>0.5</td>\n",
       "      <td>not fire</td>\n",
       "      <td>1</td>\n",
       "    </tr>\n",
       "  </tbody>\n",
       "</table>\n",
       "</div>"
      ],
      "text/plain": [
       "   day  month  year  Temperature  RH  Ws  Rain  FFMC  DMC    DC  ISI  BUI  \\\n",
       "0    1      6  2012           29  57  18   0.0  65.7  3.4   7.6  1.3  3.4   \n",
       "1    2      6  2012           29  61  13   1.3  64.4  4.1   7.6  1.0  3.9   \n",
       "2    3      6  2012           26  82  22  13.1  47.1  2.5   7.1  0.3  2.7   \n",
       "3    4      6  2012           25  89  13   2.5  28.6  1.3   6.9  0.0  1.7   \n",
       "4    5      6  2012           27  77  16   0.0  64.8  3.0  14.2  1.2  3.9   \n",
       "\n",
       "   FWI   Classes  Region  \n",
       "0  0.5  not fire       1  \n",
       "1  0.4  not fire       1  \n",
       "2  0.1  not fire       1  \n",
       "3  0.0  not fire       1  \n",
       "4  0.5  not fire       1  "
      ]
     },
     "execution_count": 68,
     "metadata": {},
     "output_type": "execute_result"
    }
   ],
   "source": [
    "dataset.head()"
   ]
  },
  {
   "cell_type": "code",
   "execution_count": 69,
   "id": "49cae113-f223-4bcb-b738-5d63c1c4aa50",
   "metadata": {},
   "outputs": [],
   "source": [
    "dataset['Classes']=np.where(dataset['Classes'].str.contains(\"not fire\"),0,1)"
   ]
  },
  {
   "cell_type": "code",
   "execution_count": 70,
   "id": "7cabcc32-88f7-4c90-abe2-40010360e118",
   "metadata": {},
   "outputs": [
    {
     "data": {
      "text/html": [
       "<div>\n",
       "<style scoped>\n",
       "    .dataframe tbody tr th:only-of-type {\n",
       "        vertical-align: middle;\n",
       "    }\n",
       "\n",
       "    .dataframe tbody tr th {\n",
       "        vertical-align: top;\n",
       "    }\n",
       "\n",
       "    .dataframe thead th {\n",
       "        text-align: right;\n",
       "    }\n",
       "</style>\n",
       "<table border=\"1\" class=\"dataframe\">\n",
       "  <thead>\n",
       "    <tr style=\"text-align: right;\">\n",
       "      <th></th>\n",
       "      <th>day</th>\n",
       "      <th>month</th>\n",
       "      <th>year</th>\n",
       "      <th>Temperature</th>\n",
       "      <th>RH</th>\n",
       "      <th>Ws</th>\n",
       "      <th>Rain</th>\n",
       "      <th>FFMC</th>\n",
       "      <th>DMC</th>\n",
       "      <th>DC</th>\n",
       "      <th>ISI</th>\n",
       "      <th>BUI</th>\n",
       "      <th>FWI</th>\n",
       "      <th>Classes</th>\n",
       "      <th>Region</th>\n",
       "    </tr>\n",
       "  </thead>\n",
       "  <tbody>\n",
       "    <tr>\n",
       "      <th>0</th>\n",
       "      <td>1</td>\n",
       "      <td>6</td>\n",
       "      <td>2012</td>\n",
       "      <td>29</td>\n",
       "      <td>57</td>\n",
       "      <td>18</td>\n",
       "      <td>0.0</td>\n",
       "      <td>65.7</td>\n",
       "      <td>3.4</td>\n",
       "      <td>7.6</td>\n",
       "      <td>1.3</td>\n",
       "      <td>3.4</td>\n",
       "      <td>0.5</td>\n",
       "      <td>0</td>\n",
       "      <td>1</td>\n",
       "    </tr>\n",
       "    <tr>\n",
       "      <th>1</th>\n",
       "      <td>2</td>\n",
       "      <td>6</td>\n",
       "      <td>2012</td>\n",
       "      <td>29</td>\n",
       "      <td>61</td>\n",
       "      <td>13</td>\n",
       "      <td>1.3</td>\n",
       "      <td>64.4</td>\n",
       "      <td>4.1</td>\n",
       "      <td>7.6</td>\n",
       "      <td>1.0</td>\n",
       "      <td>3.9</td>\n",
       "      <td>0.4</td>\n",
       "      <td>0</td>\n",
       "      <td>1</td>\n",
       "    </tr>\n",
       "    <tr>\n",
       "      <th>2</th>\n",
       "      <td>3</td>\n",
       "      <td>6</td>\n",
       "      <td>2012</td>\n",
       "      <td>26</td>\n",
       "      <td>82</td>\n",
       "      <td>22</td>\n",
       "      <td>13.1</td>\n",
       "      <td>47.1</td>\n",
       "      <td>2.5</td>\n",
       "      <td>7.1</td>\n",
       "      <td>0.3</td>\n",
       "      <td>2.7</td>\n",
       "      <td>0.1</td>\n",
       "      <td>0</td>\n",
       "      <td>1</td>\n",
       "    </tr>\n",
       "    <tr>\n",
       "      <th>3</th>\n",
       "      <td>4</td>\n",
       "      <td>6</td>\n",
       "      <td>2012</td>\n",
       "      <td>25</td>\n",
       "      <td>89</td>\n",
       "      <td>13</td>\n",
       "      <td>2.5</td>\n",
       "      <td>28.6</td>\n",
       "      <td>1.3</td>\n",
       "      <td>6.9</td>\n",
       "      <td>0.0</td>\n",
       "      <td>1.7</td>\n",
       "      <td>0.0</td>\n",
       "      <td>0</td>\n",
       "      <td>1</td>\n",
       "    </tr>\n",
       "    <tr>\n",
       "      <th>4</th>\n",
       "      <td>5</td>\n",
       "      <td>6</td>\n",
       "      <td>2012</td>\n",
       "      <td>27</td>\n",
       "      <td>77</td>\n",
       "      <td>16</td>\n",
       "      <td>0.0</td>\n",
       "      <td>64.8</td>\n",
       "      <td>3.0</td>\n",
       "      <td>14.2</td>\n",
       "      <td>1.2</td>\n",
       "      <td>3.9</td>\n",
       "      <td>0.5</td>\n",
       "      <td>0</td>\n",
       "      <td>1</td>\n",
       "    </tr>\n",
       "    <tr>\n",
       "      <th>...</th>\n",
       "      <td>...</td>\n",
       "      <td>...</td>\n",
       "      <td>...</td>\n",
       "      <td>...</td>\n",
       "      <td>...</td>\n",
       "      <td>...</td>\n",
       "      <td>...</td>\n",
       "      <td>...</td>\n",
       "      <td>...</td>\n",
       "      <td>...</td>\n",
       "      <td>...</td>\n",
       "      <td>...</td>\n",
       "      <td>...</td>\n",
       "      <td>...</td>\n",
       "      <td>...</td>\n",
       "    </tr>\n",
       "    <tr>\n",
       "      <th>238</th>\n",
       "      <td>26</td>\n",
       "      <td>9</td>\n",
       "      <td>2012</td>\n",
       "      <td>30</td>\n",
       "      <td>65</td>\n",
       "      <td>14</td>\n",
       "      <td>0.0</td>\n",
       "      <td>85.4</td>\n",
       "      <td>16.0</td>\n",
       "      <td>44.5</td>\n",
       "      <td>4.5</td>\n",
       "      <td>16.9</td>\n",
       "      <td>6.5</td>\n",
       "      <td>1</td>\n",
       "      <td>2</td>\n",
       "    </tr>\n",
       "    <tr>\n",
       "      <th>239</th>\n",
       "      <td>27</td>\n",
       "      <td>9</td>\n",
       "      <td>2012</td>\n",
       "      <td>28</td>\n",
       "      <td>87</td>\n",
       "      <td>15</td>\n",
       "      <td>4.4</td>\n",
       "      <td>41.1</td>\n",
       "      <td>6.5</td>\n",
       "      <td>8.0</td>\n",
       "      <td>0.1</td>\n",
       "      <td>6.2</td>\n",
       "      <td>0.0</td>\n",
       "      <td>0</td>\n",
       "      <td>2</td>\n",
       "    </tr>\n",
       "    <tr>\n",
       "      <th>240</th>\n",
       "      <td>28</td>\n",
       "      <td>9</td>\n",
       "      <td>2012</td>\n",
       "      <td>27</td>\n",
       "      <td>87</td>\n",
       "      <td>29</td>\n",
       "      <td>0.5</td>\n",
       "      <td>45.9</td>\n",
       "      <td>3.5</td>\n",
       "      <td>7.9</td>\n",
       "      <td>0.4</td>\n",
       "      <td>3.4</td>\n",
       "      <td>0.2</td>\n",
       "      <td>0</td>\n",
       "      <td>2</td>\n",
       "    </tr>\n",
       "    <tr>\n",
       "      <th>241</th>\n",
       "      <td>29</td>\n",
       "      <td>9</td>\n",
       "      <td>2012</td>\n",
       "      <td>24</td>\n",
       "      <td>54</td>\n",
       "      <td>18</td>\n",
       "      <td>0.1</td>\n",
       "      <td>79.7</td>\n",
       "      <td>4.3</td>\n",
       "      <td>15.2</td>\n",
       "      <td>1.7</td>\n",
       "      <td>5.1</td>\n",
       "      <td>0.7</td>\n",
       "      <td>0</td>\n",
       "      <td>2</td>\n",
       "    </tr>\n",
       "    <tr>\n",
       "      <th>242</th>\n",
       "      <td>30</td>\n",
       "      <td>9</td>\n",
       "      <td>2012</td>\n",
       "      <td>24</td>\n",
       "      <td>64</td>\n",
       "      <td>15</td>\n",
       "      <td>0.2</td>\n",
       "      <td>67.3</td>\n",
       "      <td>3.8</td>\n",
       "      <td>16.5</td>\n",
       "      <td>1.2</td>\n",
       "      <td>4.8</td>\n",
       "      <td>0.5</td>\n",
       "      <td>0</td>\n",
       "      <td>2</td>\n",
       "    </tr>\n",
       "  </tbody>\n",
       "</table>\n",
       "<p>243 rows × 15 columns</p>\n",
       "</div>"
      ],
      "text/plain": [
       "     day  month  year  Temperature  RH  Ws  Rain  FFMC   DMC    DC  ISI   BUI  \\\n",
       "0      1      6  2012           29  57  18   0.0  65.7   3.4   7.6  1.3   3.4   \n",
       "1      2      6  2012           29  61  13   1.3  64.4   4.1   7.6  1.0   3.9   \n",
       "2      3      6  2012           26  82  22  13.1  47.1   2.5   7.1  0.3   2.7   \n",
       "3      4      6  2012           25  89  13   2.5  28.6   1.3   6.9  0.0   1.7   \n",
       "4      5      6  2012           27  77  16   0.0  64.8   3.0  14.2  1.2   3.9   \n",
       "..   ...    ...   ...          ...  ..  ..   ...   ...   ...   ...  ...   ...   \n",
       "238   26      9  2012           30  65  14   0.0  85.4  16.0  44.5  4.5  16.9   \n",
       "239   27      9  2012           28  87  15   4.4  41.1   6.5   8.0  0.1   6.2   \n",
       "240   28      9  2012           27  87  29   0.5  45.9   3.5   7.9  0.4   3.4   \n",
       "241   29      9  2012           24  54  18   0.1  79.7   4.3  15.2  1.7   5.1   \n",
       "242   30      9  2012           24  64  15   0.2  67.3   3.8  16.5  1.2   4.8   \n",
       "\n",
       "     FWI  Classes  Region  \n",
       "0    0.5        0       1  \n",
       "1    0.4        0       1  \n",
       "2    0.1        0       1  \n",
       "3    0.0        0       1  \n",
       "4    0.5        0       1  \n",
       "..   ...      ...     ...  \n",
       "238  6.5        1       2  \n",
       "239  0.0        0       2  \n",
       "240  0.2        0       2  \n",
       "241  0.7        0       2  \n",
       "242  0.5        0       2  \n",
       "\n",
       "[243 rows x 15 columns]"
      ]
     },
     "execution_count": 70,
     "metadata": {},
     "output_type": "execute_result"
    }
   ],
   "source": [
    "dataset"
   ]
  },
  {
   "cell_type": "code",
   "execution_count": 71,
   "id": "b8dcc7da-cf91-47fa-bc27-3917d43a1062",
   "metadata": {},
   "outputs": [
    {
     "data": {
      "text/plain": [
       "1    137\n",
       "0    106\n",
       "Name: Classes, dtype: int64"
      ]
     },
     "execution_count": 71,
     "metadata": {},
     "output_type": "execute_result"
    }
   ],
   "source": [
    "dataset['Classes'].value_counts()"
   ]
  },
  {
   "cell_type": "code",
   "execution_count": 72,
   "id": "2c27288e-6666-48a9-b2d5-ef97620e7fce",
   "metadata": {},
   "outputs": [],
   "source": [
    "df = dataset"
   ]
  },
  {
   "cell_type": "code",
   "execution_count": 73,
   "id": "b33bdf69-a3d4-448f-920a-aef556ca10bd",
   "metadata": {},
   "outputs": [],
   "source": [
    "df.drop(['day','month','year'],axis=1,inplace=True)"
   ]
  },
  {
   "cell_type": "code",
   "execution_count": 74,
   "id": "37c3c37d-1b02-474e-bff9-74ba039a588f",
   "metadata": {},
   "outputs": [],
   "source": [
    "## Independent And dependent features\n",
    "X = df.drop('FWI',axis=1)\n",
    "y = df['FWI']"
   ]
  },
  {
   "cell_type": "code",
   "execution_count": 75,
   "id": "973fc7b6-a70b-46bb-aff5-5934a4c294ce",
   "metadata": {},
   "outputs": [
    {
     "data": {
      "text/html": [
       "<div>\n",
       "<style scoped>\n",
       "    .dataframe tbody tr th:only-of-type {\n",
       "        vertical-align: middle;\n",
       "    }\n",
       "\n",
       "    .dataframe tbody tr th {\n",
       "        vertical-align: top;\n",
       "    }\n",
       "\n",
       "    .dataframe thead th {\n",
       "        text-align: right;\n",
       "    }\n",
       "</style>\n",
       "<table border=\"1\" class=\"dataframe\">\n",
       "  <thead>\n",
       "    <tr style=\"text-align: right;\">\n",
       "      <th></th>\n",
       "      <th>Temperature</th>\n",
       "      <th>RH</th>\n",
       "      <th>Ws</th>\n",
       "      <th>Rain</th>\n",
       "      <th>FFMC</th>\n",
       "      <th>DMC</th>\n",
       "      <th>DC</th>\n",
       "      <th>ISI</th>\n",
       "      <th>BUI</th>\n",
       "      <th>Classes</th>\n",
       "      <th>Region</th>\n",
       "    </tr>\n",
       "  </thead>\n",
       "  <tbody>\n",
       "    <tr>\n",
       "      <th>0</th>\n",
       "      <td>29</td>\n",
       "      <td>57</td>\n",
       "      <td>18</td>\n",
       "      <td>0.0</td>\n",
       "      <td>65.7</td>\n",
       "      <td>3.4</td>\n",
       "      <td>7.6</td>\n",
       "      <td>1.3</td>\n",
       "      <td>3.4</td>\n",
       "      <td>0</td>\n",
       "      <td>1</td>\n",
       "    </tr>\n",
       "  </tbody>\n",
       "</table>\n",
       "</div>"
      ],
      "text/plain": [
       "   Temperature  RH  Ws  Rain  FFMC  DMC   DC  ISI  BUI  Classes  Region\n",
       "0           29  57  18   0.0  65.7  3.4  7.6  1.3  3.4        0       1"
      ]
     },
     "execution_count": 75,
     "metadata": {},
     "output_type": "execute_result"
    }
   ],
   "source": [
    "X.head(1)"
   ]
  },
  {
   "cell_type": "code",
   "execution_count": 76,
   "id": "33b1a9d6-5b23-43d6-a001-f4adbd5c907d",
   "metadata": {},
   "outputs": [],
   "source": [
    "#Train Test Split\n",
    "from sklearn.model_selection import train_test_split\n",
    "X_train,X_test,y_train,y_test= train_test_split(X,y,test_size=0.25,random_state=69)"
   ]
  },
  {
   "cell_type": "code",
   "execution_count": 77,
   "id": "2064e939-7504-4885-888f-bae2af55d114",
   "metadata": {},
   "outputs": [
    {
     "data": {
      "text/plain": [
       "((182, 11), (61, 11))"
      ]
     },
     "execution_count": 77,
     "metadata": {},
     "output_type": "execute_result"
    }
   ],
   "source": [
    "X_train.shape, X_test.shape"
   ]
  },
  {
   "cell_type": "code",
   "execution_count": 78,
   "id": "31f13ab5-78a8-4ff1-9043-e3adc40d754b",
   "metadata": {},
   "outputs": [
    {
     "data": {
      "text/plain": [
       "((182,), (61,))"
      ]
     },
     "execution_count": 78,
     "metadata": {},
     "output_type": "execute_result"
    }
   ],
   "source": [
    "y_train.shape, y_test.shape"
   ]
  },
  {
   "cell_type": "code",
   "execution_count": 79,
   "id": "49b2995e-5429-460e-af81-f42fc73a5ef2",
   "metadata": {},
   "outputs": [
    {
     "data": {
      "text/html": [
       "<div>\n",
       "<style scoped>\n",
       "    .dataframe tbody tr th:only-of-type {\n",
       "        vertical-align: middle;\n",
       "    }\n",
       "\n",
       "    .dataframe tbody tr th {\n",
       "        vertical-align: top;\n",
       "    }\n",
       "\n",
       "    .dataframe thead th {\n",
       "        text-align: right;\n",
       "    }\n",
       "</style>\n",
       "<table border=\"1\" class=\"dataframe\">\n",
       "  <thead>\n",
       "    <tr style=\"text-align: right;\">\n",
       "      <th></th>\n",
       "      <th>Temperature</th>\n",
       "      <th>RH</th>\n",
       "      <th>Ws</th>\n",
       "      <th>Rain</th>\n",
       "      <th>FFMC</th>\n",
       "      <th>DMC</th>\n",
       "      <th>DC</th>\n",
       "      <th>ISI</th>\n",
       "      <th>BUI</th>\n",
       "      <th>Classes</th>\n",
       "      <th>Region</th>\n",
       "    </tr>\n",
       "  </thead>\n",
       "  <tbody>\n",
       "    <tr>\n",
       "      <th>Temperature</th>\n",
       "      <td>1.000000</td>\n",
       "      <td>-0.657007</td>\n",
       "      <td>-0.266241</td>\n",
       "      <td>-0.384063</td>\n",
       "      <td>0.698219</td>\n",
       "      <td>0.503893</td>\n",
       "      <td>0.405379</td>\n",
       "      <td>0.627056</td>\n",
       "      <td>0.485187</td>\n",
       "      <td>0.519671</td>\n",
       "      <td>0.277703</td>\n",
       "    </tr>\n",
       "    <tr>\n",
       "      <th>RH</th>\n",
       "      <td>-0.657007</td>\n",
       "      <td>1.000000</td>\n",
       "      <td>0.264092</td>\n",
       "      <td>0.251594</td>\n",
       "      <td>-0.643864</td>\n",
       "      <td>-0.444880</td>\n",
       "      <td>-0.282308</td>\n",
       "      <td>-0.673699</td>\n",
       "      <td>-0.401651</td>\n",
       "      <td>-0.422845</td>\n",
       "      <td>-0.373689</td>\n",
       "    </tr>\n",
       "    <tr>\n",
       "      <th>Ws</th>\n",
       "      <td>-0.266241</td>\n",
       "      <td>0.264092</td>\n",
       "      <td>1.000000</td>\n",
       "      <td>0.173735</td>\n",
       "      <td>-0.145763</td>\n",
       "      <td>0.014186</td>\n",
       "      <td>0.093997</td>\n",
       "      <td>0.027367</td>\n",
       "      <td>0.047130</td>\n",
       "      <td>-0.031856</td>\n",
       "      <td>-0.162785</td>\n",
       "    </tr>\n",
       "    <tr>\n",
       "      <th>Rain</th>\n",
       "      <td>-0.384063</td>\n",
       "      <td>0.251594</td>\n",
       "      <td>0.173735</td>\n",
       "      <td>1.000000</td>\n",
       "      <td>-0.569180</td>\n",
       "      <td>-0.296375</td>\n",
       "      <td>-0.308115</td>\n",
       "      <td>-0.362821</td>\n",
       "      <td>-0.310288</td>\n",
       "      <td>-0.405554</td>\n",
       "      <td>-0.061674</td>\n",
       "    </tr>\n",
       "    <tr>\n",
       "      <th>FFMC</th>\n",
       "      <td>0.698219</td>\n",
       "      <td>-0.643864</td>\n",
       "      <td>-0.145763</td>\n",
       "      <td>-0.569180</td>\n",
       "      <td>1.000000</td>\n",
       "      <td>0.615747</td>\n",
       "      <td>0.535237</td>\n",
       "      <td>0.749763</td>\n",
       "      <td>0.614556</td>\n",
       "      <td>0.772727</td>\n",
       "      <td>0.199970</td>\n",
       "    </tr>\n",
       "    <tr>\n",
       "      <th>DMC</th>\n",
       "      <td>0.503893</td>\n",
       "      <td>-0.444880</td>\n",
       "      <td>0.014186</td>\n",
       "      <td>-0.296375</td>\n",
       "      <td>0.615747</td>\n",
       "      <td>1.000000</td>\n",
       "      <td>0.864814</td>\n",
       "      <td>0.717680</td>\n",
       "      <td>0.981019</td>\n",
       "      <td>0.600101</td>\n",
       "      <td>0.246217</td>\n",
       "    </tr>\n",
       "    <tr>\n",
       "      <th>DC</th>\n",
       "      <td>0.405379</td>\n",
       "      <td>-0.282308</td>\n",
       "      <td>0.093997</td>\n",
       "      <td>-0.308115</td>\n",
       "      <td>0.535237</td>\n",
       "      <td>0.864814</td>\n",
       "      <td>1.000000</td>\n",
       "      <td>0.568051</td>\n",
       "      <td>0.933841</td>\n",
       "      <td>0.544001</td>\n",
       "      <td>-0.031569</td>\n",
       "    </tr>\n",
       "    <tr>\n",
       "      <th>ISI</th>\n",
       "      <td>0.627056</td>\n",
       "      <td>-0.673699</td>\n",
       "      <td>0.027367</td>\n",
       "      <td>-0.362821</td>\n",
       "      <td>0.749763</td>\n",
       "      <td>0.717680</td>\n",
       "      <td>0.568051</td>\n",
       "      <td>1.000000</td>\n",
       "      <td>0.696689</td>\n",
       "      <td>0.755781</td>\n",
       "      <td>0.250793</td>\n",
       "    </tr>\n",
       "    <tr>\n",
       "      <th>BUI</th>\n",
       "      <td>0.485187</td>\n",
       "      <td>-0.401651</td>\n",
       "      <td>0.047130</td>\n",
       "      <td>-0.310288</td>\n",
       "      <td>0.614556</td>\n",
       "      <td>0.981019</td>\n",
       "      <td>0.933841</td>\n",
       "      <td>0.696689</td>\n",
       "      <td>1.000000</td>\n",
       "      <td>0.614324</td>\n",
       "      <td>0.143891</td>\n",
       "    </tr>\n",
       "    <tr>\n",
       "      <th>Classes</th>\n",
       "      <td>0.519671</td>\n",
       "      <td>-0.422845</td>\n",
       "      <td>-0.031856</td>\n",
       "      <td>-0.405554</td>\n",
       "      <td>0.772727</td>\n",
       "      <td>0.600101</td>\n",
       "      <td>0.544001</td>\n",
       "      <td>0.755781</td>\n",
       "      <td>0.614324</td>\n",
       "      <td>1.000000</td>\n",
       "      <td>0.124076</td>\n",
       "    </tr>\n",
       "    <tr>\n",
       "      <th>Region</th>\n",
       "      <td>0.277703</td>\n",
       "      <td>-0.373689</td>\n",
       "      <td>-0.162785</td>\n",
       "      <td>-0.061674</td>\n",
       "      <td>0.199970</td>\n",
       "      <td>0.246217</td>\n",
       "      <td>-0.031569</td>\n",
       "      <td>0.250793</td>\n",
       "      <td>0.143891</td>\n",
       "      <td>0.124076</td>\n",
       "      <td>1.000000</td>\n",
       "    </tr>\n",
       "  </tbody>\n",
       "</table>\n",
       "</div>"
      ],
      "text/plain": [
       "             Temperature        RH        Ws      Rain      FFMC       DMC  \\\n",
       "Temperature     1.000000 -0.657007 -0.266241 -0.384063  0.698219  0.503893   \n",
       "RH             -0.657007  1.000000  0.264092  0.251594 -0.643864 -0.444880   \n",
       "Ws             -0.266241  0.264092  1.000000  0.173735 -0.145763  0.014186   \n",
       "Rain           -0.384063  0.251594  0.173735  1.000000 -0.569180 -0.296375   \n",
       "FFMC            0.698219 -0.643864 -0.145763 -0.569180  1.000000  0.615747   \n",
       "DMC             0.503893 -0.444880  0.014186 -0.296375  0.615747  1.000000   \n",
       "DC              0.405379 -0.282308  0.093997 -0.308115  0.535237  0.864814   \n",
       "ISI             0.627056 -0.673699  0.027367 -0.362821  0.749763  0.717680   \n",
       "BUI             0.485187 -0.401651  0.047130 -0.310288  0.614556  0.981019   \n",
       "Classes         0.519671 -0.422845 -0.031856 -0.405554  0.772727  0.600101   \n",
       "Region          0.277703 -0.373689 -0.162785 -0.061674  0.199970  0.246217   \n",
       "\n",
       "                   DC       ISI       BUI   Classes    Region  \n",
       "Temperature  0.405379  0.627056  0.485187  0.519671  0.277703  \n",
       "RH          -0.282308 -0.673699 -0.401651 -0.422845 -0.373689  \n",
       "Ws           0.093997  0.027367  0.047130 -0.031856 -0.162785  \n",
       "Rain        -0.308115 -0.362821 -0.310288 -0.405554 -0.061674  \n",
       "FFMC         0.535237  0.749763  0.614556  0.772727  0.199970  \n",
       "DMC          0.864814  0.717680  0.981019  0.600101  0.246217  \n",
       "DC           1.000000  0.568051  0.933841  0.544001 -0.031569  \n",
       "ISI          0.568051  1.000000  0.696689  0.755781  0.250793  \n",
       "BUI          0.933841  0.696689  1.000000  0.614324  0.143891  \n",
       "Classes      0.544001  0.755781  0.614324  1.000000  0.124076  \n",
       "Region      -0.031569  0.250793  0.143891  0.124076  1.000000  "
      ]
     },
     "execution_count": 79,
     "metadata": {},
     "output_type": "execute_result"
    }
   ],
   "source": [
    "## Feature Selection based on correlaltion\n",
    "X_train.corr()"
   ]
  },
  {
   "cell_type": "code",
   "execution_count": 80,
   "id": "2c7ea1e9-7d07-46c6-a7b0-cb21eb43d17b",
   "metadata": {},
   "outputs": [
    {
     "data": {
      "text/html": [
       "<div>\n",
       "<style scoped>\n",
       "    .dataframe tbody tr th:only-of-type {\n",
       "        vertical-align: middle;\n",
       "    }\n",
       "\n",
       "    .dataframe tbody tr th {\n",
       "        vertical-align: top;\n",
       "    }\n",
       "\n",
       "    .dataframe thead th {\n",
       "        text-align: right;\n",
       "    }\n",
       "</style>\n",
       "<table border=\"1\" class=\"dataframe\">\n",
       "  <thead>\n",
       "    <tr style=\"text-align: right;\">\n",
       "      <th></th>\n",
       "      <th>Temperature</th>\n",
       "      <th>RH</th>\n",
       "      <th>Ws</th>\n",
       "      <th>Rain</th>\n",
       "      <th>FFMC</th>\n",
       "      <th>DMC</th>\n",
       "      <th>DC</th>\n",
       "      <th>ISI</th>\n",
       "      <th>BUI</th>\n",
       "      <th>Classes</th>\n",
       "      <th>Region</th>\n",
       "    </tr>\n",
       "  </thead>\n",
       "  <tbody>\n",
       "    <tr>\n",
       "      <th>Temperature</th>\n",
       "      <td>1.000000</td>\n",
       "      <td>-0.657007</td>\n",
       "      <td>-0.266241</td>\n",
       "      <td>-0.384063</td>\n",
       "      <td>0.698219</td>\n",
       "      <td>0.503893</td>\n",
       "      <td>0.405379</td>\n",
       "      <td>0.627056</td>\n",
       "      <td>0.485187</td>\n",
       "      <td>0.519671</td>\n",
       "      <td>0.277703</td>\n",
       "    </tr>\n",
       "    <tr>\n",
       "      <th>RH</th>\n",
       "      <td>-0.657007</td>\n",
       "      <td>1.000000</td>\n",
       "      <td>0.264092</td>\n",
       "      <td>0.251594</td>\n",
       "      <td>-0.643864</td>\n",
       "      <td>-0.444880</td>\n",
       "      <td>-0.282308</td>\n",
       "      <td>-0.673699</td>\n",
       "      <td>-0.401651</td>\n",
       "      <td>-0.422845</td>\n",
       "      <td>-0.373689</td>\n",
       "    </tr>\n",
       "    <tr>\n",
       "      <th>Ws</th>\n",
       "      <td>-0.266241</td>\n",
       "      <td>0.264092</td>\n",
       "      <td>1.000000</td>\n",
       "      <td>0.173735</td>\n",
       "      <td>-0.145763</td>\n",
       "      <td>0.014186</td>\n",
       "      <td>0.093997</td>\n",
       "      <td>0.027367</td>\n",
       "      <td>0.047130</td>\n",
       "      <td>-0.031856</td>\n",
       "      <td>-0.162785</td>\n",
       "    </tr>\n",
       "    <tr>\n",
       "      <th>Rain</th>\n",
       "      <td>-0.384063</td>\n",
       "      <td>0.251594</td>\n",
       "      <td>0.173735</td>\n",
       "      <td>1.000000</td>\n",
       "      <td>-0.569180</td>\n",
       "      <td>-0.296375</td>\n",
       "      <td>-0.308115</td>\n",
       "      <td>-0.362821</td>\n",
       "      <td>-0.310288</td>\n",
       "      <td>-0.405554</td>\n",
       "      <td>-0.061674</td>\n",
       "    </tr>\n",
       "    <tr>\n",
       "      <th>FFMC</th>\n",
       "      <td>0.698219</td>\n",
       "      <td>-0.643864</td>\n",
       "      <td>-0.145763</td>\n",
       "      <td>-0.569180</td>\n",
       "      <td>1.000000</td>\n",
       "      <td>0.615747</td>\n",
       "      <td>0.535237</td>\n",
       "      <td>0.749763</td>\n",
       "      <td>0.614556</td>\n",
       "      <td>0.772727</td>\n",
       "      <td>0.199970</td>\n",
       "    </tr>\n",
       "    <tr>\n",
       "      <th>DMC</th>\n",
       "      <td>0.503893</td>\n",
       "      <td>-0.444880</td>\n",
       "      <td>0.014186</td>\n",
       "      <td>-0.296375</td>\n",
       "      <td>0.615747</td>\n",
       "      <td>1.000000</td>\n",
       "      <td>0.864814</td>\n",
       "      <td>0.717680</td>\n",
       "      <td>0.981019</td>\n",
       "      <td>0.600101</td>\n",
       "      <td>0.246217</td>\n",
       "    </tr>\n",
       "    <tr>\n",
       "      <th>DC</th>\n",
       "      <td>0.405379</td>\n",
       "      <td>-0.282308</td>\n",
       "      <td>0.093997</td>\n",
       "      <td>-0.308115</td>\n",
       "      <td>0.535237</td>\n",
       "      <td>0.864814</td>\n",
       "      <td>1.000000</td>\n",
       "      <td>0.568051</td>\n",
       "      <td>0.933841</td>\n",
       "      <td>0.544001</td>\n",
       "      <td>-0.031569</td>\n",
       "    </tr>\n",
       "    <tr>\n",
       "      <th>ISI</th>\n",
       "      <td>0.627056</td>\n",
       "      <td>-0.673699</td>\n",
       "      <td>0.027367</td>\n",
       "      <td>-0.362821</td>\n",
       "      <td>0.749763</td>\n",
       "      <td>0.717680</td>\n",
       "      <td>0.568051</td>\n",
       "      <td>1.000000</td>\n",
       "      <td>0.696689</td>\n",
       "      <td>0.755781</td>\n",
       "      <td>0.250793</td>\n",
       "    </tr>\n",
       "    <tr>\n",
       "      <th>BUI</th>\n",
       "      <td>0.485187</td>\n",
       "      <td>-0.401651</td>\n",
       "      <td>0.047130</td>\n",
       "      <td>-0.310288</td>\n",
       "      <td>0.614556</td>\n",
       "      <td>0.981019</td>\n",
       "      <td>0.933841</td>\n",
       "      <td>0.696689</td>\n",
       "      <td>1.000000</td>\n",
       "      <td>0.614324</td>\n",
       "      <td>0.143891</td>\n",
       "    </tr>\n",
       "    <tr>\n",
       "      <th>Classes</th>\n",
       "      <td>0.519671</td>\n",
       "      <td>-0.422845</td>\n",
       "      <td>-0.031856</td>\n",
       "      <td>-0.405554</td>\n",
       "      <td>0.772727</td>\n",
       "      <td>0.600101</td>\n",
       "      <td>0.544001</td>\n",
       "      <td>0.755781</td>\n",
       "      <td>0.614324</td>\n",
       "      <td>1.000000</td>\n",
       "      <td>0.124076</td>\n",
       "    </tr>\n",
       "    <tr>\n",
       "      <th>Region</th>\n",
       "      <td>0.277703</td>\n",
       "      <td>-0.373689</td>\n",
       "      <td>-0.162785</td>\n",
       "      <td>-0.061674</td>\n",
       "      <td>0.199970</td>\n",
       "      <td>0.246217</td>\n",
       "      <td>-0.031569</td>\n",
       "      <td>0.250793</td>\n",
       "      <td>0.143891</td>\n",
       "      <td>0.124076</td>\n",
       "      <td>1.000000</td>\n",
       "    </tr>\n",
       "  </tbody>\n",
       "</table>\n",
       "</div>"
      ],
      "text/plain": [
       "             Temperature        RH        Ws      Rain      FFMC       DMC  \\\n",
       "Temperature     1.000000 -0.657007 -0.266241 -0.384063  0.698219  0.503893   \n",
       "RH             -0.657007  1.000000  0.264092  0.251594 -0.643864 -0.444880   \n",
       "Ws             -0.266241  0.264092  1.000000  0.173735 -0.145763  0.014186   \n",
       "Rain           -0.384063  0.251594  0.173735  1.000000 -0.569180 -0.296375   \n",
       "FFMC            0.698219 -0.643864 -0.145763 -0.569180  1.000000  0.615747   \n",
       "DMC             0.503893 -0.444880  0.014186 -0.296375  0.615747  1.000000   \n",
       "DC              0.405379 -0.282308  0.093997 -0.308115  0.535237  0.864814   \n",
       "ISI             0.627056 -0.673699  0.027367 -0.362821  0.749763  0.717680   \n",
       "BUI             0.485187 -0.401651  0.047130 -0.310288  0.614556  0.981019   \n",
       "Classes         0.519671 -0.422845 -0.031856 -0.405554  0.772727  0.600101   \n",
       "Region          0.277703 -0.373689 -0.162785 -0.061674  0.199970  0.246217   \n",
       "\n",
       "                   DC       ISI       BUI   Classes    Region  \n",
       "Temperature  0.405379  0.627056  0.485187  0.519671  0.277703  \n",
       "RH          -0.282308 -0.673699 -0.401651 -0.422845 -0.373689  \n",
       "Ws           0.093997  0.027367  0.047130 -0.031856 -0.162785  \n",
       "Rain        -0.308115 -0.362821 -0.310288 -0.405554 -0.061674  \n",
       "FFMC         0.535237  0.749763  0.614556  0.772727  0.199970  \n",
       "DMC          0.864814  0.717680  0.981019  0.600101  0.246217  \n",
       "DC           1.000000  0.568051  0.933841  0.544001 -0.031569  \n",
       "ISI          0.568051  1.000000  0.696689  0.755781  0.250793  \n",
       "BUI          0.933841  0.696689  1.000000  0.614324  0.143891  \n",
       "Classes      0.544001  0.755781  0.614324  1.000000  0.124076  \n",
       "Region      -0.031569  0.250793  0.143891  0.124076  1.000000  "
      ]
     },
     "execution_count": 80,
     "metadata": {},
     "output_type": "execute_result"
    }
   ],
   "source": [
    "## Feature Selection based on correlaltion\n",
    "X_train.corr()"
   ]
  },
  {
   "cell_type": "markdown",
   "id": "f2500d0f-b3b1-4961-8c6c-a04e40be3bb2",
   "metadata": {},
   "source": [
    "# Feature Selection"
   ]
  },
  {
   "cell_type": "code",
   "execution_count": 81,
   "id": "ca4a0cc6-c0b9-49de-a162-654644c777f5",
   "metadata": {},
   "outputs": [
    {
     "data": {
      "text/plain": [
       "<AxesSubplot: >"
      ]
     },
     "execution_count": 81,
     "metadata": {},
     "output_type": "execute_result"
    },
    {
     "data": {
